301 1001 100.0 0.0
301 1002 100.0 0.0
301 1004 100.0 0.0
301 1005 100.0 0.0
301 1006 100.0 0.0
301 1007 100.0 0.0
301 1008 80.0 1709827684.0
301 1009 100.0 0.0
303 1001 100.0 0.0
303 1002 100.0 0.0
303 1004 100.0 0.0
303 1005 100.0 0.0
303 1006 100.0 0.0
303 1007 100.0 0.0
303 1008 112.0 1709831371
303 1009 100.0 0.0
501 1008 93.0 1709827684.0
602 1008 93.0 1709827684.0
201 1008 105.0 1709827684.0
402 1008 99.0 1709827684.0
702 1008 102.0 1709827684.0
102 1008 107.0 1709827684.0
102 1007 93.0 1709832957
202 1008 107.0 1709827684.0
202 1007 93.0 1709832957
901 1009 97.0 1709828292.0
901 1001 100.0 0.0
901 1002 100.0 0.0
901 1003 102.0 1709830569.0
901 1004 93.0 1709830157.0
901 1005 100.0 0.0
901 1006 100.0 0.0
901 1007 100.0 0.0
901 1008 100.0 0.0
903 1009 99.0 1709828292.0
903 1001 100.0 0.0
903 1002 100.0 0.0
903 1003 100.0 1709830569.0
903 1004 80.0 1709830157.0
903 1005 100.0 0.0
903 1006 100.0 0.0
903 1007 100.0 0.0
903 1008 100.0 0.0
302 1001 100.0 0.0
302 1002 100.0 0.0
302 1004 100.0 0.0
302 1005 100.0 0.0
302 1006 100.0 0.0
302 1007 100.0 0.0
302 1008 104.0 1709831371
302 1009 100.0 0.0
105 1007 93.0 1709832957
